{
  "nbformat": 4,
  "nbformat_minor": 0,
  "metadata": {
    "colab": {
      "provenance": [],
      "authorship_tag": "ABX9TyMwV+fqPOs5B/gmte+ak91/",
      "include_colab_link": true
    },
    "kernelspec": {
      "name": "python3",
      "display_name": "Python 3"
    },
    "language_info": {
      "name": "python"
    }
  },
  "cells": [
    {
      "cell_type": "markdown",
      "metadata": {
        "id": "view-in-github",
        "colab_type": "text"
      },
      "source": [
        "<a href=\"https://colab.research.google.com/github/Pravallikavyas/Linear-Regression/blob/main/Assignment_4.ipynb\" target=\"_parent\"><img src=\"https://colab.research.google.com/assets/colab-badge.svg\" alt=\"Open In Colab\"/></a>"
      ]
    },
    {
      "cell_type": "code",
      "execution_count": 26,
      "metadata": {
        "id": "sAY7kkAcl68W"
      },
      "outputs": [],
      "source": [
        "import pandas as pd\n",
        "import numpy as np\n",
        "import matplotlib as plt"
      ]
    },
    {
      "cell_type": "code",
      "source": [
        "df1=pd.read_csv('/content/train.csv')"
      ],
      "metadata": {
        "id": "tt1zJ9YXmLF1"
      },
      "execution_count": 27,
      "outputs": []
    },
    {
      "cell_type": "code",
      "source": [
        "df1"
      ],
      "metadata": {
        "id": "cXEyqLGcmdhC",
        "colab": {
          "base_uri": "https://localhost:8080/",
          "height": 423
        },
        "outputId": "4d59fb38-3c59-471d-9e8a-1231b8077666"
      },
      "execution_count": 28,
      "outputs": [
        {
          "output_type": "execute_result",
          "data": {
            "text/plain": [
              "      ID     CRIM    ZN  INDUS  CHAS    NOX     RM    AGE     DIS  RAD    TAX  \\\n",
              "0      0  0.95577   0.0   8.14     0  0.538  6.047   88.8  4.4534    4  307.0   \n",
              "1      1  0.02875  28.0  15.04     0  0.464  6.211   28.9  3.6659    4  270.0   \n",
              "2      2  1.22358   0.0  19.58     0  0.605  6.943   97.4  1.8773    5  403.0   \n",
              "3      3  5.66637   0.0  18.10     0  0.740  6.219  100.0  2.0048   24  666.0   \n",
              "4      4  0.04544   0.0   3.24     0  0.460  6.144   32.2  5.8736    4  430.0   \n",
              "..   ...      ...   ...    ...   ...    ...    ...    ...     ...  ...    ...   \n",
              "395  395  0.03615  80.0   4.95     0  0.411  6.630   23.4  5.1167    4  245.0   \n",
              "396  396  0.17505   0.0   5.96     0  0.499  5.966   30.2  3.8473    5  279.0   \n",
              "397  397  6.65492   0.0  18.10     0  0.713  6.317   83.0  2.7344   24  666.0   \n",
              "398  398  0.13117   0.0   8.56     0  0.520  6.127   85.2  2.1224    5  384.0   \n",
              "399  399  0.06466  70.0   2.24     0  0.400  6.345   20.1  7.8278    5  358.0   \n",
              "\n",
              "     PTRATIO       B  LSTAT  MEDV  \n",
              "0       21.0  306.38  17.28  14.8  \n",
              "1       18.2  396.33   6.21  25.0  \n",
              "2       14.7  363.43   4.59  41.3  \n",
              "3       20.2  395.69  16.59  18.4  \n",
              "4       16.9  368.57   9.09  19.8  \n",
              "..       ...     ...    ...   ...  \n",
              "395     19.2  396.90   4.70  27.9  \n",
              "396     19.2  393.43  10.13  24.7  \n",
              "397     20.2  396.90  13.99  19.5  \n",
              "398     20.9  387.69  14.09  20.4  \n",
              "399     14.8  368.24   4.97  22.5  \n",
              "\n",
              "[400 rows x 15 columns]"
            ],
            "text/html": [
              "\n",
              "  <div id=\"df-daa908d8-a7a7-4fda-9c5e-ec4d78d4588e\">\n",
              "    <div class=\"colab-df-container\">\n",
              "      <div>\n",
              "<style scoped>\n",
              "    .dataframe tbody tr th:only-of-type {\n",
              "        vertical-align: middle;\n",
              "    }\n",
              "\n",
              "    .dataframe tbody tr th {\n",
              "        vertical-align: top;\n",
              "    }\n",
              "\n",
              "    .dataframe thead th {\n",
              "        text-align: right;\n",
              "    }\n",
              "</style>\n",
              "<table border=\"1\" class=\"dataframe\">\n",
              "  <thead>\n",
              "    <tr style=\"text-align: right;\">\n",
              "      <th></th>\n",
              "      <th>ID</th>\n",
              "      <th>CRIM</th>\n",
              "      <th>ZN</th>\n",
              "      <th>INDUS</th>\n",
              "      <th>CHAS</th>\n",
              "      <th>NOX</th>\n",
              "      <th>RM</th>\n",
              "      <th>AGE</th>\n",
              "      <th>DIS</th>\n",
              "      <th>RAD</th>\n",
              "      <th>TAX</th>\n",
              "      <th>PTRATIO</th>\n",
              "      <th>B</th>\n",
              "      <th>LSTAT</th>\n",
              "      <th>MEDV</th>\n",
              "    </tr>\n",
              "  </thead>\n",
              "  <tbody>\n",
              "    <tr>\n",
              "      <th>0</th>\n",
              "      <td>0</td>\n",
              "      <td>0.95577</td>\n",
              "      <td>0.0</td>\n",
              "      <td>8.14</td>\n",
              "      <td>0</td>\n",
              "      <td>0.538</td>\n",
              "      <td>6.047</td>\n",
              "      <td>88.8</td>\n",
              "      <td>4.4534</td>\n",
              "      <td>4</td>\n",
              "      <td>307.0</td>\n",
              "      <td>21.0</td>\n",
              "      <td>306.38</td>\n",
              "      <td>17.28</td>\n",
              "      <td>14.8</td>\n",
              "    </tr>\n",
              "    <tr>\n",
              "      <th>1</th>\n",
              "      <td>1</td>\n",
              "      <td>0.02875</td>\n",
              "      <td>28.0</td>\n",
              "      <td>15.04</td>\n",
              "      <td>0</td>\n",
              "      <td>0.464</td>\n",
              "      <td>6.211</td>\n",
              "      <td>28.9</td>\n",
              "      <td>3.6659</td>\n",
              "      <td>4</td>\n",
              "      <td>270.0</td>\n",
              "      <td>18.2</td>\n",
              "      <td>396.33</td>\n",
              "      <td>6.21</td>\n",
              "      <td>25.0</td>\n",
              "    </tr>\n",
              "    <tr>\n",
              "      <th>2</th>\n",
              "      <td>2</td>\n",
              "      <td>1.22358</td>\n",
              "      <td>0.0</td>\n",
              "      <td>19.58</td>\n",
              "      <td>0</td>\n",
              "      <td>0.605</td>\n",
              "      <td>6.943</td>\n",
              "      <td>97.4</td>\n",
              "      <td>1.8773</td>\n",
              "      <td>5</td>\n",
              "      <td>403.0</td>\n",
              "      <td>14.7</td>\n",
              "      <td>363.43</td>\n",
              "      <td>4.59</td>\n",
              "      <td>41.3</td>\n",
              "    </tr>\n",
              "    <tr>\n",
              "      <th>3</th>\n",
              "      <td>3</td>\n",
              "      <td>5.66637</td>\n",
              "      <td>0.0</td>\n",
              "      <td>18.10</td>\n",
              "      <td>0</td>\n",
              "      <td>0.740</td>\n",
              "      <td>6.219</td>\n",
              "      <td>100.0</td>\n",
              "      <td>2.0048</td>\n",
              "      <td>24</td>\n",
              "      <td>666.0</td>\n",
              "      <td>20.2</td>\n",
              "      <td>395.69</td>\n",
              "      <td>16.59</td>\n",
              "      <td>18.4</td>\n",
              "    </tr>\n",
              "    <tr>\n",
              "      <th>4</th>\n",
              "      <td>4</td>\n",
              "      <td>0.04544</td>\n",
              "      <td>0.0</td>\n",
              "      <td>3.24</td>\n",
              "      <td>0</td>\n",
              "      <td>0.460</td>\n",
              "      <td>6.144</td>\n",
              "      <td>32.2</td>\n",
              "      <td>5.8736</td>\n",
              "      <td>4</td>\n",
              "      <td>430.0</td>\n",
              "      <td>16.9</td>\n",
              "      <td>368.57</td>\n",
              "      <td>9.09</td>\n",
              "      <td>19.8</td>\n",
              "    </tr>\n",
              "    <tr>\n",
              "      <th>...</th>\n",
              "      <td>...</td>\n",
              "      <td>...</td>\n",
              "      <td>...</td>\n",
              "      <td>...</td>\n",
              "      <td>...</td>\n",
              "      <td>...</td>\n",
              "      <td>...</td>\n",
              "      <td>...</td>\n",
              "      <td>...</td>\n",
              "      <td>...</td>\n",
              "      <td>...</td>\n",
              "      <td>...</td>\n",
              "      <td>...</td>\n",
              "      <td>...</td>\n",
              "      <td>...</td>\n",
              "    </tr>\n",
              "    <tr>\n",
              "      <th>395</th>\n",
              "      <td>395</td>\n",
              "      <td>0.03615</td>\n",
              "      <td>80.0</td>\n",
              "      <td>4.95</td>\n",
              "      <td>0</td>\n",
              "      <td>0.411</td>\n",
              "      <td>6.630</td>\n",
              "      <td>23.4</td>\n",
              "      <td>5.1167</td>\n",
              "      <td>4</td>\n",
              "      <td>245.0</td>\n",
              "      <td>19.2</td>\n",
              "      <td>396.90</td>\n",
              "      <td>4.70</td>\n",
              "      <td>27.9</td>\n",
              "    </tr>\n",
              "    <tr>\n",
              "      <th>396</th>\n",
              "      <td>396</td>\n",
              "      <td>0.17505</td>\n",
              "      <td>0.0</td>\n",
              "      <td>5.96</td>\n",
              "      <td>0</td>\n",
              "      <td>0.499</td>\n",
              "      <td>5.966</td>\n",
              "      <td>30.2</td>\n",
              "      <td>3.8473</td>\n",
              "      <td>5</td>\n",
              "      <td>279.0</td>\n",
              "      <td>19.2</td>\n",
              "      <td>393.43</td>\n",
              "      <td>10.13</td>\n",
              "      <td>24.7</td>\n",
              "    </tr>\n",
              "    <tr>\n",
              "      <th>397</th>\n",
              "      <td>397</td>\n",
              "      <td>6.65492</td>\n",
              "      <td>0.0</td>\n",
              "      <td>18.10</td>\n",
              "      <td>0</td>\n",
              "      <td>0.713</td>\n",
              "      <td>6.317</td>\n",
              "      <td>83.0</td>\n",
              "      <td>2.7344</td>\n",
              "      <td>24</td>\n",
              "      <td>666.0</td>\n",
              "      <td>20.2</td>\n",
              "      <td>396.90</td>\n",
              "      <td>13.99</td>\n",
              "      <td>19.5</td>\n",
              "    </tr>\n",
              "    <tr>\n",
              "      <th>398</th>\n",
              "      <td>398</td>\n",
              "      <td>0.13117</td>\n",
              "      <td>0.0</td>\n",
              "      <td>8.56</td>\n",
              "      <td>0</td>\n",
              "      <td>0.520</td>\n",
              "      <td>6.127</td>\n",
              "      <td>85.2</td>\n",
              "      <td>2.1224</td>\n",
              "      <td>5</td>\n",
              "      <td>384.0</td>\n",
              "      <td>20.9</td>\n",
              "      <td>387.69</td>\n",
              "      <td>14.09</td>\n",
              "      <td>20.4</td>\n",
              "    </tr>\n",
              "    <tr>\n",
              "      <th>399</th>\n",
              "      <td>399</td>\n",
              "      <td>0.06466</td>\n",
              "      <td>70.0</td>\n",
              "      <td>2.24</td>\n",
              "      <td>0</td>\n",
              "      <td>0.400</td>\n",
              "      <td>6.345</td>\n",
              "      <td>20.1</td>\n",
              "      <td>7.8278</td>\n",
              "      <td>5</td>\n",
              "      <td>358.0</td>\n",
              "      <td>14.8</td>\n",
              "      <td>368.24</td>\n",
              "      <td>4.97</td>\n",
              "      <td>22.5</td>\n",
              "    </tr>\n",
              "  </tbody>\n",
              "</table>\n",
              "<p>400 rows × 15 columns</p>\n",
              "</div>\n",
              "      <button class=\"colab-df-convert\" onclick=\"convertToInteractive('df-daa908d8-a7a7-4fda-9c5e-ec4d78d4588e')\"\n",
              "              title=\"Convert this dataframe to an interactive table.\"\n",
              "              style=\"display:none;\">\n",
              "        \n",
              "  <svg xmlns=\"http://www.w3.org/2000/svg\" height=\"24px\"viewBox=\"0 0 24 24\"\n",
              "       width=\"24px\">\n",
              "    <path d=\"M0 0h24v24H0V0z\" fill=\"none\"/>\n",
              "    <path d=\"M18.56 5.44l.94 2.06.94-2.06 2.06-.94-2.06-.94-.94-2.06-.94 2.06-2.06.94zm-11 1L8.5 8.5l.94-2.06 2.06-.94-2.06-.94L8.5 2.5l-.94 2.06-2.06.94zm10 10l.94 2.06.94-2.06 2.06-.94-2.06-.94-.94-2.06-.94 2.06-2.06.94z\"/><path d=\"M17.41 7.96l-1.37-1.37c-.4-.4-.92-.59-1.43-.59-.52 0-1.04.2-1.43.59L10.3 9.45l-7.72 7.72c-.78.78-.78 2.05 0 2.83L4 21.41c.39.39.9.59 1.41.59.51 0 1.02-.2 1.41-.59l7.78-7.78 2.81-2.81c.8-.78.8-2.07 0-2.86zM5.41 20L4 18.59l7.72-7.72 1.47 1.35L5.41 20z\"/>\n",
              "  </svg>\n",
              "      </button>\n",
              "      \n",
              "  <style>\n",
              "    .colab-df-container {\n",
              "      display:flex;\n",
              "      flex-wrap:wrap;\n",
              "      gap: 12px;\n",
              "    }\n",
              "\n",
              "    .colab-df-convert {\n",
              "      background-color: #E8F0FE;\n",
              "      border: none;\n",
              "      border-radius: 50%;\n",
              "      cursor: pointer;\n",
              "      display: none;\n",
              "      fill: #1967D2;\n",
              "      height: 32px;\n",
              "      padding: 0 0 0 0;\n",
              "      width: 32px;\n",
              "    }\n",
              "\n",
              "    .colab-df-convert:hover {\n",
              "      background-color: #E2EBFA;\n",
              "      box-shadow: 0px 1px 2px rgba(60, 64, 67, 0.3), 0px 1px 3px 1px rgba(60, 64, 67, 0.15);\n",
              "      fill: #174EA6;\n",
              "    }\n",
              "\n",
              "    [theme=dark] .colab-df-convert {\n",
              "      background-color: #3B4455;\n",
              "      fill: #D2E3FC;\n",
              "    }\n",
              "\n",
              "    [theme=dark] .colab-df-convert:hover {\n",
              "      background-color: #434B5C;\n",
              "      box-shadow: 0px 1px 3px 1px rgba(0, 0, 0, 0.15);\n",
              "      filter: drop-shadow(0px 1px 2px rgba(0, 0, 0, 0.3));\n",
              "      fill: #FFFFFF;\n",
              "    }\n",
              "  </style>\n",
              "\n",
              "      <script>\n",
              "        const buttonEl =\n",
              "          document.querySelector('#df-daa908d8-a7a7-4fda-9c5e-ec4d78d4588e button.colab-df-convert');\n",
              "        buttonEl.style.display =\n",
              "          google.colab.kernel.accessAllowed ? 'block' : 'none';\n",
              "\n",
              "        async function convertToInteractive(key) {\n",
              "          const element = document.querySelector('#df-daa908d8-a7a7-4fda-9c5e-ec4d78d4588e');\n",
              "          const dataTable =\n",
              "            await google.colab.kernel.invokeFunction('convertToInteractive',\n",
              "                                                     [key], {});\n",
              "          if (!dataTable) return;\n",
              "\n",
              "          const docLinkHtml = 'Like what you see? Visit the ' +\n",
              "            '<a target=\"_blank\" href=https://colab.research.google.com/notebooks/data_table.ipynb>data table notebook</a>'\n",
              "            + ' to learn more about interactive tables.';\n",
              "          element.innerHTML = '';\n",
              "          dataTable['output_type'] = 'display_data';\n",
              "          await google.colab.output.renderOutput(dataTable, element);\n",
              "          const docLink = document.createElement('div');\n",
              "          docLink.innerHTML = docLinkHtml;\n",
              "          element.appendChild(docLink);\n",
              "        }\n",
              "      </script>\n",
              "    </div>\n",
              "  </div>\n",
              "  "
            ]
          },
          "metadata": {},
          "execution_count": 28
        }
      ]
    },
    {
      "cell_type": "code",
      "source": [
        "df1.shape"
      ],
      "metadata": {
        "id": "XeOKKBBymn8O",
        "colab": {
          "base_uri": "https://localhost:8080/"
        },
        "outputId": "65ab478a-d428-48d4-e4ea-efc2bc161006"
      },
      "execution_count": 29,
      "outputs": [
        {
          "output_type": "execute_result",
          "data": {
            "text/plain": [
              "(400, 15)"
            ]
          },
          "metadata": {},
          "execution_count": 29
        }
      ]
    },
    {
      "cell_type": "code",
      "source": [
        "df1.dtypes"
      ],
      "metadata": {
        "id": "4X42r9sJms_f",
        "colab": {
          "base_uri": "https://localhost:8080/"
        },
        "outputId": "5509aa75-70d6-4265-f004-926a78f269cb"
      },
      "execution_count": 30,
      "outputs": [
        {
          "output_type": "execute_result",
          "data": {
            "text/plain": [
              "ID           int64\n",
              "CRIM       float64\n",
              "ZN         float64\n",
              "INDUS      float64\n",
              "CHAS         int64\n",
              "NOX        float64\n",
              "RM         float64\n",
              "AGE        float64\n",
              "DIS        float64\n",
              "RAD          int64\n",
              "TAX        float64\n",
              "PTRATIO    float64\n",
              "B          float64\n",
              "LSTAT      float64\n",
              "MEDV       float64\n",
              "dtype: object"
            ]
          },
          "metadata": {},
          "execution_count": 30
        }
      ]
    },
    {
      "cell_type": "code",
      "source": [
        "df1.isnull().sum()"
      ],
      "metadata": {
        "id": "iJc08HqgnV9h",
        "colab": {
          "base_uri": "https://localhost:8080/"
        },
        "outputId": "8467cb19-f133-494f-c534-21e36f44cf11"
      },
      "execution_count": 31,
      "outputs": [
        {
          "output_type": "execute_result",
          "data": {
            "text/plain": [
              "ID         0\n",
              "CRIM       0\n",
              "ZN         0\n",
              "INDUS      0\n",
              "CHAS       0\n",
              "NOX        0\n",
              "RM         0\n",
              "AGE        0\n",
              "DIS        0\n",
              "RAD        0\n",
              "TAX        0\n",
              "PTRATIO    0\n",
              "B          0\n",
              "LSTAT      0\n",
              "MEDV       0\n",
              "dtype: int64"
            ]
          },
          "metadata": {},
          "execution_count": 31
        }
      ]
    },
    {
      "cell_type": "code",
      "source": [
        "df1=df1.drop_duplicates()"
      ],
      "metadata": {
        "id": "ScMlTlrhnhD4"
      },
      "execution_count": 32,
      "outputs": []
    },
    {
      "cell_type": "code",
      "source": [
        "df1.corr()"
      ],
      "metadata": {
        "id": "eRAttKwlwuhj",
        "colab": {
          "base_uri": "https://localhost:8080/",
          "height": 519
        },
        "outputId": "69640e04-4171-4ce3-ef67-7687f715ee97"
      },
      "execution_count": 33,
      "outputs": [
        {
          "output_type": "execute_result",
          "data": {
            "text/plain": [
              "               ID      CRIM        ZN     INDUS      CHAS       NOX        RM  \\\n",
              "ID       1.000000 -0.009895 -0.037340  0.005167 -0.034274 -0.034631  0.061728   \n",
              "CRIM    -0.009895  1.000000 -0.193548  0.409972 -0.060591  0.422635 -0.205928   \n",
              "ZN      -0.037340 -0.193548  1.000000 -0.522218 -0.037318 -0.497638  0.290127   \n",
              "INDUS    0.005167  0.409972 -0.522218  1.000000  0.075305  0.759132 -0.396865   \n",
              "CHAS    -0.034274 -0.060591 -0.037318  0.075305  1.000000  0.084020  0.091267   \n",
              "NOX     -0.034631  0.422635 -0.497638  0.759132  0.084020  1.000000 -0.283907   \n",
              "RM       0.061728 -0.205928  0.290127 -0.396865  0.091267 -0.283907  1.000000   \n",
              "AGE     -0.031016  0.353379 -0.554214  0.631742  0.083314  0.736349 -0.198918   \n",
              "DIS      0.010385 -0.376323  0.659949 -0.695199 -0.102016 -0.768775  0.171596   \n",
              "RAD     -0.031669  0.618538 -0.301067  0.608088 -0.023792  0.602960 -0.190030   \n",
              "TAX     -0.007460  0.577501 -0.300221  0.731619 -0.045183  0.657875 -0.277064   \n",
              "PTRATIO  0.056734  0.284967 -0.369974  0.370383 -0.137556  0.154693 -0.336408   \n",
              "B       -0.030764 -0.357581  0.161515 -0.338007  0.040732 -0.382202  0.120518   \n",
              "LSTAT   -0.019382  0.442743 -0.402116  0.624374 -0.055326  0.622209 -0.634758   \n",
              "MEDV     0.006956 -0.393693  0.336805 -0.502898  0.182096 -0.434271  0.721489   \n",
              "\n",
              "              AGE       DIS       RAD       TAX   PTRATIO         B     LSTAT  \\\n",
              "ID      -0.031016  0.010385 -0.031669 -0.007460  0.056734 -0.030764 -0.019382   \n",
              "CRIM     0.353379 -0.376323  0.618538  0.577501  0.284967 -0.357581  0.442743   \n",
              "ZN      -0.554214  0.659949 -0.301067 -0.300221 -0.369974  0.161515 -0.402116   \n",
              "INDUS    0.631742 -0.695199  0.608088  0.731619  0.370383 -0.338007  0.624374   \n",
              "CHAS     0.083314 -0.102016 -0.023792 -0.045183 -0.137556  0.040732 -0.055326   \n",
              "NOX      0.736349 -0.768775  0.602960  0.657875  0.154693 -0.382202  0.622209   \n",
              "RM      -0.198918  0.171596 -0.190030 -0.277064 -0.336408  0.120518 -0.634758   \n",
              "AGE      1.000000 -0.750408  0.457339  0.499478  0.234894 -0.274650  0.593788   \n",
              "DIS     -0.750408  1.000000 -0.492090 -0.520442 -0.185938  0.274036 -0.503383   \n",
              "RAD      0.457339 -0.492090  1.000000  0.911103  0.458930 -0.395845  0.503532   \n",
              "TAX      0.499478 -0.520442  0.911103  1.000000  0.450978 -0.400353  0.552239   \n",
              "PTRATIO  0.234894 -0.185938  0.458930  0.450978  1.000000 -0.155939  0.352839   \n",
              "B       -0.274650  0.274036 -0.395845 -0.400353 -0.155939  1.000000 -0.343821   \n",
              "LSTAT    0.593788 -0.503383  0.503532  0.552239  0.352839 -0.343821  1.000000   \n",
              "MEDV    -0.354106  0.235087 -0.386922 -0.479308 -0.495904  0.317910 -0.725281   \n",
              "\n",
              "             MEDV  \n",
              "ID       0.006956  \n",
              "CRIM    -0.393693  \n",
              "ZN       0.336805  \n",
              "INDUS   -0.502898  \n",
              "CHAS     0.182096  \n",
              "NOX     -0.434271  \n",
              "RM       0.721489  \n",
              "AGE     -0.354106  \n",
              "DIS      0.235087  \n",
              "RAD     -0.386922  \n",
              "TAX     -0.479308  \n",
              "PTRATIO -0.495904  \n",
              "B        0.317910  \n",
              "LSTAT   -0.725281  \n",
              "MEDV     1.000000  "
            ],
            "text/html": [
              "\n",
              "  <div id=\"df-c24882ea-7b17-427f-8804-f70087584c50\">\n",
              "    <div class=\"colab-df-container\">\n",
              "      <div>\n",
              "<style scoped>\n",
              "    .dataframe tbody tr th:only-of-type {\n",
              "        vertical-align: middle;\n",
              "    }\n",
              "\n",
              "    .dataframe tbody tr th {\n",
              "        vertical-align: top;\n",
              "    }\n",
              "\n",
              "    .dataframe thead th {\n",
              "        text-align: right;\n",
              "    }\n",
              "</style>\n",
              "<table border=\"1\" class=\"dataframe\">\n",
              "  <thead>\n",
              "    <tr style=\"text-align: right;\">\n",
              "      <th></th>\n",
              "      <th>ID</th>\n",
              "      <th>CRIM</th>\n",
              "      <th>ZN</th>\n",
              "      <th>INDUS</th>\n",
              "      <th>CHAS</th>\n",
              "      <th>NOX</th>\n",
              "      <th>RM</th>\n",
              "      <th>AGE</th>\n",
              "      <th>DIS</th>\n",
              "      <th>RAD</th>\n",
              "      <th>TAX</th>\n",
              "      <th>PTRATIO</th>\n",
              "      <th>B</th>\n",
              "      <th>LSTAT</th>\n",
              "      <th>MEDV</th>\n",
              "    </tr>\n",
              "  </thead>\n",
              "  <tbody>\n",
              "    <tr>\n",
              "      <th>ID</th>\n",
              "      <td>1.000000</td>\n",
              "      <td>-0.009895</td>\n",
              "      <td>-0.037340</td>\n",
              "      <td>0.005167</td>\n",
              "      <td>-0.034274</td>\n",
              "      <td>-0.034631</td>\n",
              "      <td>0.061728</td>\n",
              "      <td>-0.031016</td>\n",
              "      <td>0.010385</td>\n",
              "      <td>-0.031669</td>\n",
              "      <td>-0.007460</td>\n",
              "      <td>0.056734</td>\n",
              "      <td>-0.030764</td>\n",
              "      <td>-0.019382</td>\n",
              "      <td>0.006956</td>\n",
              "    </tr>\n",
              "    <tr>\n",
              "      <th>CRIM</th>\n",
              "      <td>-0.009895</td>\n",
              "      <td>1.000000</td>\n",
              "      <td>-0.193548</td>\n",
              "      <td>0.409972</td>\n",
              "      <td>-0.060591</td>\n",
              "      <td>0.422635</td>\n",
              "      <td>-0.205928</td>\n",
              "      <td>0.353379</td>\n",
              "      <td>-0.376323</td>\n",
              "      <td>0.618538</td>\n",
              "      <td>0.577501</td>\n",
              "      <td>0.284967</td>\n",
              "      <td>-0.357581</td>\n",
              "      <td>0.442743</td>\n",
              "      <td>-0.393693</td>\n",
              "    </tr>\n",
              "    <tr>\n",
              "      <th>ZN</th>\n",
              "      <td>-0.037340</td>\n",
              "      <td>-0.193548</td>\n",
              "      <td>1.000000</td>\n",
              "      <td>-0.522218</td>\n",
              "      <td>-0.037318</td>\n",
              "      <td>-0.497638</td>\n",
              "      <td>0.290127</td>\n",
              "      <td>-0.554214</td>\n",
              "      <td>0.659949</td>\n",
              "      <td>-0.301067</td>\n",
              "      <td>-0.300221</td>\n",
              "      <td>-0.369974</td>\n",
              "      <td>0.161515</td>\n",
              "      <td>-0.402116</td>\n",
              "      <td>0.336805</td>\n",
              "    </tr>\n",
              "    <tr>\n",
              "      <th>INDUS</th>\n",
              "      <td>0.005167</td>\n",
              "      <td>0.409972</td>\n",
              "      <td>-0.522218</td>\n",
              "      <td>1.000000</td>\n",
              "      <td>0.075305</td>\n",
              "      <td>0.759132</td>\n",
              "      <td>-0.396865</td>\n",
              "      <td>0.631742</td>\n",
              "      <td>-0.695199</td>\n",
              "      <td>0.608088</td>\n",
              "      <td>0.731619</td>\n",
              "      <td>0.370383</td>\n",
              "      <td>-0.338007</td>\n",
              "      <td>0.624374</td>\n",
              "      <td>-0.502898</td>\n",
              "    </tr>\n",
              "    <tr>\n",
              "      <th>CHAS</th>\n",
              "      <td>-0.034274</td>\n",
              "      <td>-0.060591</td>\n",
              "      <td>-0.037318</td>\n",
              "      <td>0.075305</td>\n",
              "      <td>1.000000</td>\n",
              "      <td>0.084020</td>\n",
              "      <td>0.091267</td>\n",
              "      <td>0.083314</td>\n",
              "      <td>-0.102016</td>\n",
              "      <td>-0.023792</td>\n",
              "      <td>-0.045183</td>\n",
              "      <td>-0.137556</td>\n",
              "      <td>0.040732</td>\n",
              "      <td>-0.055326</td>\n",
              "      <td>0.182096</td>\n",
              "    </tr>\n",
              "    <tr>\n",
              "      <th>NOX</th>\n",
              "      <td>-0.034631</td>\n",
              "      <td>0.422635</td>\n",
              "      <td>-0.497638</td>\n",
              "      <td>0.759132</td>\n",
              "      <td>0.084020</td>\n",
              "      <td>1.000000</td>\n",
              "      <td>-0.283907</td>\n",
              "      <td>0.736349</td>\n",
              "      <td>-0.768775</td>\n",
              "      <td>0.602960</td>\n",
              "      <td>0.657875</td>\n",
              "      <td>0.154693</td>\n",
              "      <td>-0.382202</td>\n",
              "      <td>0.622209</td>\n",
              "      <td>-0.434271</td>\n",
              "    </tr>\n",
              "    <tr>\n",
              "      <th>RM</th>\n",
              "      <td>0.061728</td>\n",
              "      <td>-0.205928</td>\n",
              "      <td>0.290127</td>\n",
              "      <td>-0.396865</td>\n",
              "      <td>0.091267</td>\n",
              "      <td>-0.283907</td>\n",
              "      <td>1.000000</td>\n",
              "      <td>-0.198918</td>\n",
              "      <td>0.171596</td>\n",
              "      <td>-0.190030</td>\n",
              "      <td>-0.277064</td>\n",
              "      <td>-0.336408</td>\n",
              "      <td>0.120518</td>\n",
              "      <td>-0.634758</td>\n",
              "      <td>0.721489</td>\n",
              "    </tr>\n",
              "    <tr>\n",
              "      <th>AGE</th>\n",
              "      <td>-0.031016</td>\n",
              "      <td>0.353379</td>\n",
              "      <td>-0.554214</td>\n",
              "      <td>0.631742</td>\n",
              "      <td>0.083314</td>\n",
              "      <td>0.736349</td>\n",
              "      <td>-0.198918</td>\n",
              "      <td>1.000000</td>\n",
              "      <td>-0.750408</td>\n",
              "      <td>0.457339</td>\n",
              "      <td>0.499478</td>\n",
              "      <td>0.234894</td>\n",
              "      <td>-0.274650</td>\n",
              "      <td>0.593788</td>\n",
              "      <td>-0.354106</td>\n",
              "    </tr>\n",
              "    <tr>\n",
              "      <th>DIS</th>\n",
              "      <td>0.010385</td>\n",
              "      <td>-0.376323</td>\n",
              "      <td>0.659949</td>\n",
              "      <td>-0.695199</td>\n",
              "      <td>-0.102016</td>\n",
              "      <td>-0.768775</td>\n",
              "      <td>0.171596</td>\n",
              "      <td>-0.750408</td>\n",
              "      <td>1.000000</td>\n",
              "      <td>-0.492090</td>\n",
              "      <td>-0.520442</td>\n",
              "      <td>-0.185938</td>\n",
              "      <td>0.274036</td>\n",
              "      <td>-0.503383</td>\n",
              "      <td>0.235087</td>\n",
              "    </tr>\n",
              "    <tr>\n",
              "      <th>RAD</th>\n",
              "      <td>-0.031669</td>\n",
              "      <td>0.618538</td>\n",
              "      <td>-0.301067</td>\n",
              "      <td>0.608088</td>\n",
              "      <td>-0.023792</td>\n",
              "      <td>0.602960</td>\n",
              "      <td>-0.190030</td>\n",
              "      <td>0.457339</td>\n",
              "      <td>-0.492090</td>\n",
              "      <td>1.000000</td>\n",
              "      <td>0.911103</td>\n",
              "      <td>0.458930</td>\n",
              "      <td>-0.395845</td>\n",
              "      <td>0.503532</td>\n",
              "      <td>-0.386922</td>\n",
              "    </tr>\n",
              "    <tr>\n",
              "      <th>TAX</th>\n",
              "      <td>-0.007460</td>\n",
              "      <td>0.577501</td>\n",
              "      <td>-0.300221</td>\n",
              "      <td>0.731619</td>\n",
              "      <td>-0.045183</td>\n",
              "      <td>0.657875</td>\n",
              "      <td>-0.277064</td>\n",
              "      <td>0.499478</td>\n",
              "      <td>-0.520442</td>\n",
              "      <td>0.911103</td>\n",
              "      <td>1.000000</td>\n",
              "      <td>0.450978</td>\n",
              "      <td>-0.400353</td>\n",
              "      <td>0.552239</td>\n",
              "      <td>-0.479308</td>\n",
              "    </tr>\n",
              "    <tr>\n",
              "      <th>PTRATIO</th>\n",
              "      <td>0.056734</td>\n",
              "      <td>0.284967</td>\n",
              "      <td>-0.369974</td>\n",
              "      <td>0.370383</td>\n",
              "      <td>-0.137556</td>\n",
              "      <td>0.154693</td>\n",
              "      <td>-0.336408</td>\n",
              "      <td>0.234894</td>\n",
              "      <td>-0.185938</td>\n",
              "      <td>0.458930</td>\n",
              "      <td>0.450978</td>\n",
              "      <td>1.000000</td>\n",
              "      <td>-0.155939</td>\n",
              "      <td>0.352839</td>\n",
              "      <td>-0.495904</td>\n",
              "    </tr>\n",
              "    <tr>\n",
              "      <th>B</th>\n",
              "      <td>-0.030764</td>\n",
              "      <td>-0.357581</td>\n",
              "      <td>0.161515</td>\n",
              "      <td>-0.338007</td>\n",
              "      <td>0.040732</td>\n",
              "      <td>-0.382202</td>\n",
              "      <td>0.120518</td>\n",
              "      <td>-0.274650</td>\n",
              "      <td>0.274036</td>\n",
              "      <td>-0.395845</td>\n",
              "      <td>-0.400353</td>\n",
              "      <td>-0.155939</td>\n",
              "      <td>1.000000</td>\n",
              "      <td>-0.343821</td>\n",
              "      <td>0.317910</td>\n",
              "    </tr>\n",
              "    <tr>\n",
              "      <th>LSTAT</th>\n",
              "      <td>-0.019382</td>\n",
              "      <td>0.442743</td>\n",
              "      <td>-0.402116</td>\n",
              "      <td>0.624374</td>\n",
              "      <td>-0.055326</td>\n",
              "      <td>0.622209</td>\n",
              "      <td>-0.634758</td>\n",
              "      <td>0.593788</td>\n",
              "      <td>-0.503383</td>\n",
              "      <td>0.503532</td>\n",
              "      <td>0.552239</td>\n",
              "      <td>0.352839</td>\n",
              "      <td>-0.343821</td>\n",
              "      <td>1.000000</td>\n",
              "      <td>-0.725281</td>\n",
              "    </tr>\n",
              "    <tr>\n",
              "      <th>MEDV</th>\n",
              "      <td>0.006956</td>\n",
              "      <td>-0.393693</td>\n",
              "      <td>0.336805</td>\n",
              "      <td>-0.502898</td>\n",
              "      <td>0.182096</td>\n",
              "      <td>-0.434271</td>\n",
              "      <td>0.721489</td>\n",
              "      <td>-0.354106</td>\n",
              "      <td>0.235087</td>\n",
              "      <td>-0.386922</td>\n",
              "      <td>-0.479308</td>\n",
              "      <td>-0.495904</td>\n",
              "      <td>0.317910</td>\n",
              "      <td>-0.725281</td>\n",
              "      <td>1.000000</td>\n",
              "    </tr>\n",
              "  </tbody>\n",
              "</table>\n",
              "</div>\n",
              "      <button class=\"colab-df-convert\" onclick=\"convertToInteractive('df-c24882ea-7b17-427f-8804-f70087584c50')\"\n",
              "              title=\"Convert this dataframe to an interactive table.\"\n",
              "              style=\"display:none;\">\n",
              "        \n",
              "  <svg xmlns=\"http://www.w3.org/2000/svg\" height=\"24px\"viewBox=\"0 0 24 24\"\n",
              "       width=\"24px\">\n",
              "    <path d=\"M0 0h24v24H0V0z\" fill=\"none\"/>\n",
              "    <path d=\"M18.56 5.44l.94 2.06.94-2.06 2.06-.94-2.06-.94-.94-2.06-.94 2.06-2.06.94zm-11 1L8.5 8.5l.94-2.06 2.06-.94-2.06-.94L8.5 2.5l-.94 2.06-2.06.94zm10 10l.94 2.06.94-2.06 2.06-.94-2.06-.94-.94-2.06-.94 2.06-2.06.94z\"/><path d=\"M17.41 7.96l-1.37-1.37c-.4-.4-.92-.59-1.43-.59-.52 0-1.04.2-1.43.59L10.3 9.45l-7.72 7.72c-.78.78-.78 2.05 0 2.83L4 21.41c.39.39.9.59 1.41.59.51 0 1.02-.2 1.41-.59l7.78-7.78 2.81-2.81c.8-.78.8-2.07 0-2.86zM5.41 20L4 18.59l7.72-7.72 1.47 1.35L5.41 20z\"/>\n",
              "  </svg>\n",
              "      </button>\n",
              "      \n",
              "  <style>\n",
              "    .colab-df-container {\n",
              "      display:flex;\n",
              "      flex-wrap:wrap;\n",
              "      gap: 12px;\n",
              "    }\n",
              "\n",
              "    .colab-df-convert {\n",
              "      background-color: #E8F0FE;\n",
              "      border: none;\n",
              "      border-radius: 50%;\n",
              "      cursor: pointer;\n",
              "      display: none;\n",
              "      fill: #1967D2;\n",
              "      height: 32px;\n",
              "      padding: 0 0 0 0;\n",
              "      width: 32px;\n",
              "    }\n",
              "\n",
              "    .colab-df-convert:hover {\n",
              "      background-color: #E2EBFA;\n",
              "      box-shadow: 0px 1px 2px rgba(60, 64, 67, 0.3), 0px 1px 3px 1px rgba(60, 64, 67, 0.15);\n",
              "      fill: #174EA6;\n",
              "    }\n",
              "\n",
              "    [theme=dark] .colab-df-convert {\n",
              "      background-color: #3B4455;\n",
              "      fill: #D2E3FC;\n",
              "    }\n",
              "\n",
              "    [theme=dark] .colab-df-convert:hover {\n",
              "      background-color: #434B5C;\n",
              "      box-shadow: 0px 1px 3px 1px rgba(0, 0, 0, 0.15);\n",
              "      filter: drop-shadow(0px 1px 2px rgba(0, 0, 0, 0.3));\n",
